id,Attrition
1677,3.1302380709474775e-4
1678,1.0471900513397969e-7
1679,2.4837841983149644e-7
1680,4.426210287178378e-9
1681,0.7856167913164196
1682,0.0011740882782886874
1683,2.100858265130512e-8
1684,0.08584129821920305
1685,6.186944956354523e-9
1686,0.0060027809162317425
1687,4.135030762242309e-9
1688,2.3575070149939314e-5
1689,2.179439517746573e-9
1690,1.5061261833260176e-6
1691,0.9427185574681197
1692,0.387518994796477
1693,1.3489798036725453e-4
1694,7.664271815088775e-6
1695,0.033121123599085145
1696,2.5421774019207533e-8
1697,0.3017462518217936
1698,1.069523136720818e-9
1699,5.377012719032237e-5
1700,1.733388782509948e-7
1701,0.7322534183216067
1702,1.1650440545629692e-7
1703,4.672747669354216e-6
1704,1.5695789277181404e-6
1705,2.2200629019586415e-6
1706,9.816907453608081e-8
1707,2.345841582762631e-6
1708,8.711050480947335e-8
1709,0.009935877543905125
1710,0.005785476670243539
1711,8.577852245172934e-7
1712,0.997502518677504
1713,4.034125467011762e-8
1714,0.49096981136451
1715,6.000896224378494e-8
1716,1.4816573745690675e-8
1717,1.4713122686860203e-7
1718,3.732049780325042e-9
1719,1.052324005712535e-9
1720,1.793278858741587e-10
1721,0.5965100136496573
1722,1.3703248578078586e-6
1723,9.025273861595906e-10
1724,0.0014499958300535631
1725,1.3554015909633677e-8
1726,1.207083558663058e-7
1727,2.0935368403307564e-6
1728,7.144924833246691e-5
1729,1.6233252131403475e-7
1730,3.022471162239526e-11
1731,9.250311838737701e-8
1732,0.0013751427665065208
1733,7.204794012272142e-5
1734,4.1269965778134576e-8
1735,0.0021633330243442384
1736,3.263150206711529e-7
1737,1.3507843066307146e-7
1738,2.0900354780195585e-8
1739,5.012468218268396e-10
1740,2.329456627592208e-10
1741,2.802917834632268e-5
1742,1.117943969619617e-7
1743,0.0013923315813834103
1744,1.0170512839469126e-5
1745,6.065743463068429e-10
1746,5.914180256638701e-11
1747,1.7666499992019524e-5
1748,2.28468657126335e-6
1749,9.089219488167544e-9
1750,1.2781175660059318e-6
1751,0.0015342097028583357
1752,1.4326418262822216e-7
1753,5.34982576017029e-8
1754,0.0605656097450038
1755,3.834514039624537e-9
1756,0.001967368899837396
1757,6.853342782164873e-9
1758,1.0190559507350372e-10
1759,4.7271743630616925e-8
1760,4.248174009137129e-4
1761,1.5453704982348881e-10
1762,3.058816444578838e-8
1763,6.858491996553084e-9
1764,7.985764247653293e-7
1765,9.169177071931545e-4
1766,6.214941984383771e-7
1767,3.951035498772626e-9
1768,0.9673499492575249
1769,1.1864901044655873e-4
1770,2.0763000054824232e-6
1771,5.62569670847779e-6
1772,1.4579781826284943e-10
1773,3.568829328666201e-4
1774,6.690803311393267e-8
1775,1.9068646306408255e-7
1776,4.377276319189605e-11
1777,6.1599799594525e-7
1778,0.7217168023049756
1779,2.464805543000992e-7
1780,1.145499781551873e-5
1781,6.289613274645944e-11
1782,6.323155110621315e-9
1783,2.321345024769439e-4
1784,2.181534189404921e-5
1785,0.7939650753275477
1786,2.1950204581178134e-5
1787,0.0012329584306599584
1788,3.031369564210351e-5
1789,0.01900836159451702
1790,1.1119712471918675e-6
1791,0.012635808413972827
1792,4.328841507472703e-9
1793,0.994034120978086
1794,7.058034157125803e-10
1795,1.1933930499363754e-6
1796,0.005750465138323557
1797,3.0923065860055665e-5
1798,0.16420702844790958
1799,9.859823513203025e-8
1800,9.568620756850166e-7
1801,1.2372350039813185e-5
1802,2.6582229088312204e-4
1803,1.7212784897413513e-7
1804,3.992691500920298e-5
1805,0.9994681337288661
1806,3.0385957527911955e-8
1807,3.3208108161097982e-6
1808,0.002884122336743733
1809,0.024689930020664108
1810,4.839606289719356e-6
1811,1.0708842701490084e-9
1812,0.0011295290600712438
1813,0.6721345351551883
1814,1.302273721082159e-7
1815,2.761775773674202e-5
1816,2.9512428403577484e-4
1817,6.907807659217724e-12
1818,1.1180047689851591e-5
1819,1.0934995242628531e-8
1820,3.790450175955584e-10
1821,0.01632421306220644
1822,2.3062617160451993e-7
1823,5.196421071218538e-11
1824,0.014483116920034456
1825,1.6801917634978736e-9
1826,0.08603733291331805
1827,7.189951523045579e-9
1828,3.611762428457066e-5
1829,0.0010886051370337935
1830,3.619585738579012e-6
1831,0.9840089106482057
1832,5.205959441312302e-9
1833,9.17306954462127e-6
1834,7.551639543690314e-7
1835,2.8002451851749655e-6
1836,2.65146127276239e-10
1837,2.4687940580747636e-10
1838,1.0830702446007479e-7
1839,7.286860004285245e-11
1840,2.9321356165290524e-7
1841,8.790203152031495e-7
1842,9.968768810431072e-6
1843,2.5420765492611963e-9
1844,1.302914246492648e-7
1845,2.2315911018644385e-5
1846,4.587440856940184e-5
1847,1.4702017381296173e-11
1848,8.606056277615792e-7
1849,2.688517372062549e-7
1850,0.9451536834065539
1851,0.2819330428223966
1852,3.604559761782866e-9
1853,2.3125958781289313e-6
1854,5.092890180691256e-7
1855,0.04793448238602949
1856,0.5240334956560208
1857,2.017585928437704e-6
1858,1.8081754282306406e-5
1859,1.7578747346647106e-9
1860,7.682610103643128e-11
1861,3.319450723826556e-5
1862,1.9460829669970536e-7
1863,0.9447024946468523
1864,7.146727654117058e-12
1865,1.4909952383845848e-8
1866,1.0695796797022261e-5
1867,4.786667451295301e-8
1868,0.003482072051336327
1869,0.9999195947699616
1870,9.84738875102309e-4
1871,1.0164192451034282e-6
1872,6.906031302378324e-11
1873,3.8068880237052127e-7
1874,7.766790655061584e-8
1875,5.697784466462963e-10
1876,0.0012305666901969436
1877,5.35022937775409e-6
1878,7.086609077333605e-10
1879,6.574261135483539e-10
1880,0.0068596156609869174
1881,4.261358766965984e-6
1882,7.413712310722076e-9
1883,3.11344727776941e-10
1884,1.4591141628272908e-9
1885,1.0420175040604107e-6
1886,2.054762889625028e-5
1887,1.7193098056367262e-9
1888,1.3760490512604306e-6
1889,8.727918465734064e-8
1890,1.8778742889669076e-4
1891,2.1552066220564825e-7
1892,9.108925290113312e-4
1893,1.0317067067333596e-7
1894,3.288785799249183e-8
1895,4.374063722334398e-8
1896,1.7656520689968147e-10
1897,3.8970948912364634e-8
1898,1.5704667610805245e-7
1899,3.92531808390828e-7
1900,0.11628156821074165
1901,1.4221477655729231e-5
1902,5.844658090836674e-12
1903,3.046906416059869e-8
1904,3.6869215307766545e-5
1905,2.443335118673673e-7
1906,9.101585133342027e-7
1907,0.038354674754435214
1908,6.556821903629384e-4
1909,1.1992106330183105e-7
1910,2.014415485529497e-7
1911,2.1644597225645157e-9
1912,5.882383469213437e-11
1913,3.140527837786067e-10
1914,1.4291865269022708e-7
1915,3.719366839072258e-6
1916,0.003798132748404348
1917,3.72389826425068e-4
1918,2.082585437435114e-9
1919,1.6332435182064842e-8
1920,1.935759852411678e-8
1921,6.734458735113691e-8
1922,5.016267401458663e-10
1923,1.5668233674048793e-5
1924,0.002909703849166223
1925,1.3145706745376629e-11
1926,6.423166613411802e-4
1927,4.2546632883500024e-11
1928,8.75663787036629e-8
1929,5.36163864972572e-7
1930,7.554191659930876e-5
1931,0.004604310220289731
1932,8.265868101098306e-9
1933,5.565184680667024e-4
1934,0.9827597484021453
1935,4.6517967255965686e-10
1936,0.003415998322087166
1937,9.637456055422433e-9
1938,0.92995925614963
1939,8.716962452093302e-5
1940,3.502480527828311e-9
1941,2.91173787203558e-6
1942,3.3195138687680537e-4
1943,5.7260425068150766e-8
1944,1.917429626185907e-8
1945,4.082914673020355e-9
1946,2.3595791295294433e-6
1947,0.0014388663540146895
1948,2.092805584164026e-6
1949,2.4815725030435942e-9
1950,2.2512036679245284e-10
1951,6.495245255677684e-5
1952,2.847570466424365e-6
1953,1.7488921422170733e-10
1954,1.5687013500409464e-6
1955,1.6506218614154022e-10
1956,9.64892695831665e-6
1957,2.5778007728405328e-8
1958,0.008191363772586446
1959,1.5765924121780017e-9
1960,3.02216627710461e-4
1961,4.36313341012351e-9
1962,3.1164846259201795e-9
1963,2.469764118773199e-6
1964,0.24454425384707978
1965,6.354168833988538e-6
1966,3.1782798615154206e-11
1967,0.0016054338703279658
1968,0.009858015878569049
1969,4.6343040516205747e-10
1970,0.789832384909353
1971,0.9954747661617682
1972,9.257374282811703e-6
1973,1.2364854273805292e-7
1974,0.07993960775344844
1975,6.56934849008195e-6
1976,0.12161085835045837
1977,3.8939744761989914e-7
1978,3.001754400600021e-10
1979,6.142731967528903e-8
1980,1.4778510415425217e-8
1981,1.93093089295715e-8
1982,2.847646562997852e-9
1983,0.003750759652616842
1984,0.07847660237134013
1985,5.115970903579736e-7
1986,3.0941169626430565e-9
1987,6.060624002657278e-9
1988,4.210122694914276e-9
1989,0.5662520240390274
1990,2.6685291754091622e-9
1991,1.813318606380676e-9
1992,1.7060510208999347e-6
1993,1.365402613195954e-8
1994,4.826030453042307e-8
1995,2.2662970722286957e-8
1996,1.2814952543571678e-7
1997,1.849488499905405e-6
1998,2.58328252122908e-8
1999,1.649636427458745e-9
2000,6.450411011036383e-4
2001,8.754200954141922e-7
2002,3.018333627480274e-8
2003,0.9828348515717893
2004,9.649349127505147e-7
2005,6.823874798556062e-12
2006,9.659255773009079e-8
2007,1.115577690224967e-7
2008,0.009636309718865088
2009,9.765166453234997e-11
2010,4.1600910286443415e-4
2011,1.9032382271300108e-6
2012,1.3498757667207428e-11
2013,1.1615802392062058e-5
2014,4.043741341774876e-9
2015,4.171267775632259e-10
2016,9.129206913816024e-5
2017,0.01962782363046922
2018,1.0933499616783138e-7
2019,1.9794578409726427e-7
2020,6.96523481114042e-8
2021,8.526512829121202e-14
2022,1.0691447727140257e-12
2023,0.026917754865875887
2024,0.694728033945615
2025,9.460094319013734e-8
2026,6.781796181853927e-6
2027,1.6935975732934594e-7
2028,2.4513266638770403e-8
2029,4.420052768239202e-8
2030,1.2887565614683183e-7
2031,4.1243009007985165e-11
2032,1.0169753927868896e-9
2033,2.2189987939014166e-5
2034,7.881251519181731e-7
2035,4.093738260588786e-4
2036,7.11185639268308e-8
2037,0.08793677787361287
2038,1.814823846757463e-10
2039,5.305200622141015e-7
2040,0.1383818659815239
2041,0.02465880367853701
2042,1.6026291044279883e-4
2043,0.00976389919279319
2044,9.6222118672884e-7
2045,1.1235933405906451e-8
2046,1.582659914234341e-8
2047,1.7448069736236693e-4
2048,9.31935919656901e-7
2049,2.2584808085246433e-4
2050,8.986677457745174e-8
2051,9.310779565119276e-7
2052,2.9317209156665136e-5
2053,1.658225128875479e-6
2054,8.361817585544884e-5
2055,0.004144513447589149
2056,0.9343996981276189
2057,0.003317712829859043
2058,8.12813450101757e-6
2059,8.095176414757432e-7
2060,3.807043569281632e-11
2061,6.901709216189378e-5
2062,0.9994531983402646
2063,0.05294213611100651
2064,7.363887277733738e-11
2065,0.3100116658141957
2066,7.180148653418428e-8
2067,2.39027053594576e-7
2068,1.8741250980802704e-4
2069,0.003854503041804569
2070,8.318069515400595e-7
2071,1.3580271075674943e-5
2072,1.889357821305282e-7
2073,6.286764442364756e-10
2074,1.6118704005974038e-5
2075,5.17049465464936e-6
2076,2.1782453141216962e-7
2077,6.500750237699027e-4
2078,1.8338497387304642e-9
2079,1.772996641724589e-7
2080,1.3605678800654442e-4
2081,1.1955231835225621e-4
2082,5.4704241136960263e-11
2083,3.8021265136301e-8
2084,2.7929074893906503e-6
2085,2.1448712339555698e-7
2086,1.4136618520232958e-7
2087,7.250111996837116e-5
2088,0.9999716549270385
2089,9.6736352261928e-10
2090,3.466738007773529e-11
2091,7.082368116417825e-7
2092,1.2348866373912415e-9
2093,0.13580268108819593
2094,7.042921801314606e-11
2095,1.9355046260105535e-4
2096,2.3066251131353965e-9
2097,8.243739024749175e-11
2098,2.537631882404412e-9
2099,0.006777347597950456
2100,1.8641915169315126e-6
2101,5.8926977783979595e-5
2102,0.625277944260635
2103,1.8550205815870413e-10
2104,6.107726426840543e-7
2105,5.30063186188201e-6
2106,4.276438886341438e-7
2107,7.150949978125265e-4
2108,5.400332403482366e-9
2109,4.600535319365662e-8
2110,1.1175711467359406e-9
2111,2.5080493015749994e-8
2112,2.3295473672302336e-7
2113,0.12246950398539058
2114,0.004168551220067096
2115,8.762935667094851e-6
2116,7.835217696872121e-9
2117,2.4305002455093927e-10
2118,2.796622933232129e-10
2119,3.4119134589838396e-6
2120,2.0737722650210344e-10
2121,8.94528831163477e-6
2122,8.185391501269734e-7
2123,1.2933452087082742e-9
2124,1.0977190700867112e-7
2125,2.1699943086872509e-7
2126,0.005053214441088749
2127,4.14660638048403e-8
2128,0.14736653247325415
2129,1.0382583681689539e-11
2130,0.9958748032587155
2131,3.3184761605298263e-9
2132,2.2030679502904604e-9
2133,0.002451974583668526
2134,1.2236512836327762e-7
2135,3.303440293767057e-5
2136,0.022115079238801738
2137,2.1315282872080843e-9
2138,5.950340139782018e-5
2139,1.1300242630518653e-8
2140,1.952253658732417e-8
2141,5.67322006594928e-7
2142,0.9912862162453046
2143,4.753286653169653e-10
2144,1.1063776467201691e-6
2145,7.386804601849928e-5
2146,0.8091476359190328
2147,2.3853902336390398e-5
2148,3.73812758525105e-10
2149,7.113605280928414e-5
2150,0.03185269776562327
2151,6.393667817405913e-10
2152,6.894684823066655e-10
2153,5.18304177354878e-8
2154,9.715228621587357e-11
2155,1.394601981008492e-6
2156,1.2165302067934647e-6
2157,0.019129494253607215
2158,0.002485554299501036
2159,6.947059005428802e-4
2160,4.876421488830829e-10
2161,3.699182493654973e-8
2162,6.001287689016976e-9
2163,2.5812971870209367e-5
2164,6.44822827637892e-5
2165,3.625939326568073e-9
2166,2.0860284423829256e-5
2167,1.1472400807122085e-9
2168,0.053006365446480075
2169,6.373272337656388e-7
2170,1.3540482735052706e-8
2171,2.8167912446974697e-11
2172,6.281420339426802e-8
2173,1.6895661325566635e-7
2174,2.5106361434268365e-10
2175,1.28270949417697e-10
2176,9.177313915142982e-6
2177,2.94500868136538e-10
2178,4.924658785654401e-6
2179,1.460298548749961e-11
2180,0.9999918384259765
2181,3.103694371986432e-5
2182,3.3231385660248414e-4
2183,1.1495856611087873e-7
2184,1.156186890671762e-8
2185,0.01090917233307842
2186,8.539924989392489e-8
2187,4.3020495177348295e-7
2188,7.084998552783217e-4
2189,6.814426377943494e-5
2190,2.1034995967283976e-10
2191,2.6215918325078746e-11
2192,9.291412303424895e-5
2193,2.208514051613708e-4
2194,1.4293803918263848e-9
2195,3.003086668229571e-11
2196,5.2323158349354415e-6
2197,7.288122205739711e-7
2198,1.3397261078296197e-10
2199,2.060560515548815e-6
2200,1.6644186384695558e-7
2201,0.01142832214409939
2202,0.9082165471116371
2203,1.680896328792869e-7
2204,6.512573994976734e-6
2205,0.9779640535659593
2206,4.521608846785874e-6
2207,4.5054284951961954e-4
2208,6.10176356552472e-7
2209,2.7662072632494983e-10
2210,0.5038667201034482
2211,0.007646575342510786
2212,0.001407668020944719
2213,7.832567927579248e-10
2214,1.3040457602642164e-11
2215,0.9873987814067245
2216,0.9657658818966837
2217,2.1987020024205606e-5
2218,2.626922158618372e-4
2219,7.53875487657929e-6
2220,0.001462676197684698
2221,1.6488299614536572e-10
2222,1.7965158108457224e-4
2223,0.009714395692525857
2224,4.730111946571469e-8
2225,0.09298914411929027
2226,8.709219456726203e-9
2227,0.002724911666044494
2228,2.3060513498762703e-9
2229,5.325185401527932e-7
2230,2.3846458141463245e-10
2231,2.201892255293547e-5
2232,4.270598608080434e-8
2233,1.372802467733969e-4
2234,1.2567782791128579e-6
2235,4.5555115235629273e-11
2236,1.2335298238408399e-7
2237,1.6989326945271443e-8
2238,1.0298428776422952e-12
2239,3.316703467426407e-8
2240,1.0980503173385614e-9
2241,6.429327640866678e-5
2242,0.13738133194446123
2243,6.830958021453171e-11
2244,1.301884512416862e-7
2245,2.6919135798841864e-4
2246,1.0227708942622815e-4
2247,1.6211720053838086e-5
2248,5.2437836628449475e-8
2249,2.0491852659176857e-9
2250,0.0037825923916052773
2251,0.9913267932812537
2252,1.4727931707536612e-7
2253,1.1540290401845787e-5
2254,2.148361266662846e-9
2255,2.1604681619935562e-5
2256,0.0016901708387770942
2257,3.2787801140798933e-8
2258,5.896156674012332e-9
2259,7.484811570535044e-8
2260,2.423610996360459e-5
2261,3.654854197066015e-12
2262,5.261004162945282e-4
2263,9.989749393257696e-7
2264,0.032563051189191894
2265,0.23107308585420416
2266,3.345030297197127e-7
2267,2.6270608555201136e-7
2268,0.036783204139953285
2269,3.6732616948143004e-11
2270,1.1654551079764985e-6
2271,0.999985707518975
2272,0.9999898416171176
2273,2.1643606491372758e-5
2274,1.4869122957339442e-6
2275,3.722654984272822e-8
2276,5.6972596085280713e-8
2277,0.3417658281396291
2278,5.286076910367976e-4
2279,2.881067384663538e-9
2280,2.3279856065094862e-7
2281,5.315117901361077e-9
2282,0.0020150967440806244
2283,0.012987455769317813
2284,5.587589879674226e-8
2285,6.424491242484898e-5
2286,3.936345693844601e-9
2287,1.2378622904485326e-8
2288,3.217732025273534e-8
2289,3.707258944274372e-10
2290,0.028632071058210862
2291,5.707017679656978e-6
2292,3.1411276455661774e-4
2293,4.363093664139228e-9
2294,0.981419661786556
2295,1.1882009209873701e-7
2296,0.027802369973903507
2297,8.161499343017908e-8
2298,4.857026488780392e-7
2299,4.752527422480224e-5
2300,1.7158382736859323e-6
2301,0.02947401256258919
2302,9.126513354673627e-5
2303,1.0035848763079169e-4
2304,3.3272480299884055e-4
2305,3.8986357994708065e-5
2306,2.1246060466495464e-9
2307,3.313707370145025e-5
2308,3.5527908994348323e-4
2309,5.866381684871413e-7
2310,3.868751985436347e-10
2311,9.48837997061247e-9
2312,1.7096089830470618e-6
2313,1.4745203724686462e-8
2314,9.055436456351096e-6
2315,3.213105357335877e-7
2316,2.1745633871361747e-7
2317,3.81843690000494e-9
2318,1.0148793327291461e-4
2319,0.00229969160505461
2320,0.024426778299076246
2321,5.96413651798855e-9
2322,1.851653109985474e-5
2323,5.207149045283188e-8
2324,1.061607624031069e-7
2325,2.80516431194755e-8
2326,4.647769394683365e-6
2327,0.8994959463251013
2328,0.016955182124364088
2329,2.7321656048684417e-10
2330,0.028605731766363274
2331,1.9411139362546237e-12
2332,5.31177719254039e-7
2333,0.020788564144932686
2334,7.020572789784296e-9
2335,3.994366393200721e-9
2336,0.0018386314756879685
2337,2.2802574162206213e-7
2338,4.1391198993934175e-5
2339,2.3322851561147218e-7
2340,3.782192721002442e-5
2341,0.0027069891088972176
2342,9.979483905908637e-11
2343,6.31924184471e-4
2344,1.2250467307239887e-10
2345,1.395056351549684e-7
2346,1.3686575506755005e-4
2347,1.1395329124752607e-12
2348,8.223060010692507e-10
2349,4.362690271599856e-4
2350,2.398081733190338e-13
2351,3.104162718647885e-6
2352,1.2124147611314307e-5
2353,1.8073721020916977e-6
2354,0.04554249688063694
2355,1.4902334371735826e-5
2356,2.1560155205602172e-7
2357,6.007433661636696e-9
2358,3.023748176289587e-7
2359,1.594074019395375e-5
2360,3.262439207674106e-10
2361,0.0026433047400524767
2362,1.0409319943782691e-6
2363,3.3524245601768143e-9
2364,1.706728314232464e-9
2365,1.477441291519721e-4
2366,3.262955017291347e-9
2367,2.730247613313974e-5
2368,0.8781976577122473
2369,9.280209645190496e-8
2370,7.629172293910358e-9
2371,7.136777835370367e-10
2372,3.4138825795615446e-5
2373,2.0180146442783098e-10
2374,3.2055460508217948e-9
2375,4.423734176084437e-6
2376,9.508116370904318e-7
2377,6.7619661683337995e-6
2378,0.003317485073707327
2379,6.63749499807409e-8
2380,1.4051042551699311e-8
2381,7.476999037692167e-7
2382,4.1988035270890123e-10
2383,2.2190915771602704e-11
2384,0.10581875009388086
2385,1.557133978979941e-6
2386,6.060589552436824e-8
2387,9.071870872812138e-5
2388,3.835465278712036e-11
2389,2.0532693323360718e-9
2390,5.81292443069259e-8
2391,5.890642762462761e-8
2392,5.544976477978025e-9
2393,1.0832478155919922e-5
2394,8.577391086284081e-8
2395,5.2481974321949565e-9
2396,5.165095018355714e-10
2397,0.033641250679953494
2398,2.5285692999310605e-5
2399,3.9053893093377035e-4
2400,1.1904140539975572e-7
2401,5.8245104295195915e-9
2402,1.6036854066925343e-9
2403,1.0512502918702538e-4
2404,4.464583747143536e-8
2405,0.025647095771691997
2406,3.117127915874818e-5
2407,8.05746238619065e-8
2408,9.62399715476181e-10
2409,0.9998816102619653
2410,1.616108091162527e-5
2411,1.2790815184793303e-8
2412,3.231835215422585e-5
2413,1.8776657872976443e-6
2414,8.795010505556755e-4
2415,0.009524676955984912
2416,1.8351945441086315e-7
2417,1.732829649991885e-6
2418,0.03423476576889828
2419,4.802203301679242e-9
2420,3.9087444392293946e-10
2421,1.6855850049068977e-11
2422,0.014811510258048943
2423,3.186360145235323e-5
2424,4.064355518806906e-10
2425,0.9999998015169097
2426,0.0010988792738919617
2427,1.6249979140070536e-10
2428,2.816014088580232e-11
2429,4.643553319638727e-9
2430,3.0624296090453473e-4
2431,2.1078339540459012e-7
2432,1.3051413316755855e-7
2433,2.043525992867501e-7
2434,1.1994509940826958e-8
2435,3.2020674068933275e-6
2436,4.052346636296278e-5
2437,0.0033822752436813985
2438,2.2922777787037774e-8
2439,4.799357133933313e-9
2440,0.9980955596063201
2441,4.00282376692096e-4
2442,4.519553398196763e-8
2443,0.9988472638983762
2444,4.0757175412409197e-11
2445,1.0060345112528069e-8
2446,0.3380870347737569
2447,4.7084744991821026e-8
2448,1.0950193730585589e-4
2449,1.2455749742734668e-7
2450,0.01296746706379015
2451,5.203324858760183e-7
2452,1.7586468721186854e-4
2453,0.9998986021533951
2454,0.0011708838932965593
2455,3.541443087673457e-7
2456,6.805040081436786e-7
2457,5.103542033424446e-10
2458,2.3136638841680934e-5
2459,3.5771270390227983e-9
2460,4.9040771443742415e-12
2461,0.005780096904822618
2462,4.14883043808878e-6
2463,0.23953411286039583
2464,9.887201846067173e-4
2465,0.012542304522543346
2466,1.0447676390690219e-7
2467,7.5358624167520816e-6
2468,1.7624853730802137e-5
2469,5.1592063954331024e-12
2470,0.9988600386549897
2471,0.03524882776759841
2472,1.9041420962206956e-7
2473,5.788991508381969e-11
2474,7.450215999682541e-10
2475,2.733580029001814e-10
2476,1.8657971925239991e-6
2477,8.702585916808836e-5
2478,3.079110300063803e-10
2479,1.536390300538315e-7
2480,0.9483989049416625
2481,0.7915804448679863
2482,8.973967620118373e-7
2483,0.3501603369343045
2484,1.6393553181615061e-12
2485,5.084885473009004e-4
2486,0.002283472604966641
2487,0.17566014599689161
2488,0.029451441201570727
2489,0.864649162852533
2490,3.1715385873098967e-10
2491,0.002805459677351907
2492,3.854761627675174e-7
2493,0.9923399714121389
2494,0.9996771954480792
2495,1.4587071550664632e-9
2496,2.1666265004327556e-8
2497,7.051556971671147e-8
2498,2.6208398258287247e-5
2499,8.13866751769865e-11
2500,7.633116095340231e-5
2501,3.3925964515457707e-7
2502,9.599395658366205e-7
2503,0.3912861123996543
2504,2.796177658469512e-4
2505,5.4430286007267625e-6
2506,7.75279840325993e-11
2507,1.9540347118152113e-10
2508,2.100954521466747e-9
2509,7.319182399045943e-7
2510,0.7417332225082249
2511,0.10354269625128676
2512,9.365303915820355e-6
2513,0.03021798006075571
2514,0.9873570213285384
2515,4.2987064612365344e-5
2516,1.2713165897793033e-7
2517,4.880865789314015e-8
2518,2.1576518349775142e-11
2519,0.9987623661904163
2520,8.146893336058447e-5
2521,1.595512959496892e-4
2522,5.424005784515629e-7
2523,1.560876631279129e-7
2524,1.288420481415642e-10
2525,9.50960099554976e-9
2526,1.5091093269581357e-4
2527,7.507611529122826e-7
2528,0.5201582910590627
2529,5.186377439958534e-6
2530,1.825491373471655e-4
2531,3.28816341559679e-4
2532,4.117039781315057e-7
2533,3.377204738086448e-9
2534,1.7299875643139728e-8
2535,1.0858088539400512e-8
2536,1.293462075935281e-5
2537,1.1653700227043373e-10
2538,4.981907664181051e-8
2539,1.2292666617952364e-7
2540,1.0455978305401459e-9
2541,2.0483835649898197e-7
2542,0.9810584557470514
2543,1.890608072319111e-7
2544,0.1272883733930732
2545,2.1456591170476713e-8
2546,2.471245430513136e-11
2547,1.4404341678764254e-5
2548,7.09112001340273e-8
2549,7.899389391385903e-6
2550,0.02280533824468678
2551,0.006801085086079461
2552,9.141154500014181e-11
2553,8.047984501047267e-10
2554,6.877655346849698e-4
2555,1.761039081227267e-8
2556,0.999988552155385
2557,0.0014999378257583018
2558,4.1727499553734226e-4
2559,1.0665344718496783e-8
2560,1.1851462208400942e-4
2561,3.6152723490445737e-6
2562,1.5752252272682732e-5
2563,4.092328509397447e-8
2564,4.9663933522459125e-5
2565,2.2442535454469947e-6
2566,3.00470314595902e-6
2567,7.783262904070831e-6
2568,7.886365895963809e-4
2569,9.531107014737472e-10
2570,6.157461392986008e-7
2571,0.9818574156666628
2572,0.0019193618778322596
2573,4.4807950102532246e-6
2574,6.562547838484534e-9
2575,1.1184828672650138e-4
2576,2.609777098649957e-6
2577,0.9938656730616019
2578,2.047582103870127e-10
2579,0.007796763985820965
2580,3.42531812679292e-5
2581,0.9955458089767812
2582,2.4120764115176385e-5
2583,3.325629993611301e-9
2584,5.872763930714342e-8
2585,0.3819293842805067
2586,1.8953774585384053e-6
2587,7.449655226032803e-8
2588,0.02374294633931462
2589,1.494335766238919e-10
2590,1.7945732035951067e-6
2591,0.08177536248774475
2592,7.1377597166133455e-9
2593,1.790092518660913e-10
2594,4.0275868921713087e-4
2595,6.107387875209369e-6
2596,6.690022226196746e-7
2597,0.09505737521744617
2598,7.126937507928588e-7
2599,4.029443445574543e-12
2600,1.7040479621810434e-6
2601,1.0602939840376191e-4
2602,1.3127380737998351e-8
2603,0.005604258019971442
2604,0.005368158330789519
2605,1.7822701384728745e-6
2606,5.230781114917704e-7
2607,7.33790805895751e-12
2608,4.883422233259438e-7
2609,2.182343894528982e-4
2610,1.5398102792829604e-9
2611,6.718403611216672e-11
2612,2.7622145126748876e-8
2613,4.629588679083696e-8
2614,2.0815592360889923e-8
2615,0.0675338822338577
2616,1.97543169184744e-5
2617,6.55438941010722e-7
2618,4.736442040549349e-4
2619,7.339345857004798e-5
2620,4.265546341432058e-4
2621,3.7735421917428624e-5
2622,0.9890075742296849
2623,2.0632979158341502e-4
2624,1.5774559436465552e-10
2625,2.8618377154732144e-6
2626,2.6531568402377026e-5
2627,8.170357124193117e-8
2628,7.854800210260748e-8
2629,1.526268184504076e-6
2630,0.0060365854620646475
2631,0.99967976462558406
2632,1.9723371774693632e-6
2633,4.650242857451303e-9
2634,1.6661481327950867e-7
2635,3.466030540355547e-8
2636,0.008731084440929848
2637,4.648605944623796e-10
2638,3.165936401927638e-10
2639,8.672668354137159e-6
2640,4.2677399120727433e-4
2641,1.4410702287026567e-7
2642,3.523173172537142e-6
2643,2.480313954222879e-8
2644,1.0210323067028071e-5
2645,0.9999494418510796
2646,2.1171327590630007e-4
2647,3.127047509821068e-9
2648,1.216929834679803e-8
2649,0.002592652190520739
2650,0.030275227687224127
2651,0.016287317722484262
2652,4.647788698353139e-8
2653,0.5305740555869455
2654,9.355013625753639e-4
2655,0.27055218510862267
2656,6.948280045770971e-7
2657,8.75551119383644e-8
2658,9.430548871814937e-4
2659,5.970572267921526e-6
2660,7.926455602991211e-9
2661,7.425513117720328e-7
2662,1.8725309262024314e-4
2663,0.0035278634602602388
2664,2.3634190260413135e-7
2665,4.099348638320066e-9
2666,2.4325190372653793e-5
2667,1.0082044299419834e-6
2668,8.223922719309273e-4
2669,2.3478324062686795e-8
2670,3.76531694712412e-10
2671,0.013946098831423392
2672,9.661382804893037e-11
2673,1.9688961572228436e-9
2674,0.15519048051801632
2675,6.973844768332071e-8
2676,0.9999672079890943
2677,0.1433041716054343
2678,2.459887281647255e-7
2679,0.03427569898181504
2680,0.008180805400986313
2681,0.04324268957238331
2682,1.4524297320406276e-9
2683,7.485624453629214e-9
2684,4.114113162488886e-4
2685,2.7406521496686764e-11
2686,1.855841495523869e-5
2687,0.0020243528030793323
2688,2.698827108815749e-5
2689,1.9945738127802315e-7
2690,1.3981008795127536e-7
2691,3.973648077248981e-9
2692,4.11555234336447e-11
2693,1.0683824275270482e-6
2694,0.004018749332793448
2695,1.3613027061387672e-4
2696,0.888832645173311
2697,1.4668326775435503e-8
2698,9.563154237142157e-4
2699,5.743496367721646e-4
2700,4.267053377304819e-10
2701,8.683983865331868e-9
2702,2.256879794160227e-9
2703,1.0444978215673473e-11
2704,1.66642555532448e-7
2705,4.2181645276695434e-7
2706,0.004021701224948271
2707,7.724998418723317e-11
2708,1.4648897528446447e-5
2709,1.7549067033995058e-6
2710,0.0011911249609283248
2711,0.04162487006790638
2712,9.490327879757565e-5
2713,2.2678425851685446e-6
2714,1.1557185763955147e-8
2715,4.859356416142546e-7
2716,1.5971565847650027e-8
2717,3.225455592614779e-7
2718,1.0544440751880657e-5
2719,0.004586020306725058
2720,0.9934427920410874
2721,1.5406165232434432e-10
2722,9.504841637629768e-4
2723,0.03528494112748315
2724,8.358333308811083e-7
2725,5.293942345070413e-4
2726,9.198121732056919e-7
2727,1.8033003523765245e-7
2728,2.1029285846019263e-7
2729,3.096688946713222e-6
2730,5.142274972502747e-7
2731,6.576471198727063e-7
2732,2.716982194783668e-10
2733,3.0451949657450683e-6
2734,5.560767402101874e-10
2735,4.417136656442722e-9
2736,2.1015192316342635e-6
2737,8.987699473550492e-12
2738,0.009278090546211093
2739,1.6922261693474994e-5
2740,2.496669093687842e-9
2741,1.1524856735611877e-8
2742,2.5883965248940655e-7
2743,0.5254363831796591
2744,5.029979113091443e-5
2745,0.988976977101948
2746,4.178879464689089e-13
2747,3.448041852038841e-10
2748,3.1156505780449706e-5
2749,3.998198704557865e-6
2750,4.6840934841974047e-7
2751,0.15801848096223003
2752,4.217626248248507e-11
2753,0.01894800929338969
2754,1.4145573601354045e-11
2755,8.160629676567943e-6
2756,2.6436713572719484e-6
2757,1.6607330288742617e-7
2758,0.9872865477360668
2759,7.003034796504437e-8
2760,3.7075276182463313e-10
2761,0.96307550519276
2762,1.602691608323381e-4
2763,4.832102940000027e-9
2764,1.4318372401289636e-5
2765,3.486235574667873e-7
2766,1.5559997734726494e-11
2767,1.3330885284545957e-8
2768,0.002787848441557328
2769,0.007277968975681115
2770,0.017564229767925488
2771,0.03915619645407031
2772,1.451976962474344e-5
2773,4.6767747452491903e-8
2774,3.091258582499368e-5
2775,0.004059033778534338
2776,0.9444892949220054
2777,0.06153788824806494
2778,4.681979802201308e-5
2779,6.924848999556588e-6
2780,3.5547120802448262e-12
2781,1.694774224670903e-4
2782,2.3989255026890532e-11
2783,6.954208274134732e-4
2784,7.978793437057874e-8
2785,0.8650122986626608
2786,0.9999587933796056
2787,3.120607861328839e-5
2788,4.608403880723699e-9
2789,1.3372867851191295e-5
2790,2.284617171277592e-5
2791,1.3077311848297413e-5
2792,3.1745159834173364e-9
2793,6.37183738549929e-7
2794,9.650552912354726e-9
2795,3.510525203864745e-12
